0
0.0	:	4352163	20	30	39
1.0	:	9309766	10	16	30	39
2.0	:	7660156	10	16	30	34	39
3.0	:	10884792	10	16	30	34	39
4.0	:	12755129	10	16	26	30	34	36	39
5.0	:	8140937	10	16	18	26	30	34
6.0	:	5974580	39
7.0	:	5678623	4	10	26	34
8.0	:	4505615	18	39
9.0	:	1676275	4	10
10.0	:	6187378	34	36
11.0	:	12166868	4	10	30
1
0.0	:	431472	5
1.0	:	3398103	5	41
2.0	:	1973675	5	24	41
3.0	:	2344145	5	24	47
4.0	:	799999	24
5.0	:	799999	24
6.0	:	277844
7.0	:	4587273	35	41	48
8.0	:	7301860	47
9.0	:	8021684	41	48
10.0	:	10033955	47
11.0	:	6544312	41
2
0.0	:	
1.0	:	4887	9
2.0	:	453366	9
3.0	:	378774	21
4.0	:	1275839	9	21	22
5.0	:	3163369	9	21	22	32
6.0	:	1706454
7.0	:	1030255	9	22
8.0	:	1254158
9.0	:	799999	9
10.0	:	1002351	22
11.0	:	1344770	9
3
0.0	:	
1.0	:	129493	25
2.0	:	828600	8	25
3.0	:	837560	1	8
4.0	:	2382312	1	8	15
5.0	:	1169268	1	8	15
6.0	:	380042
7.0	:	425929	23
8.0	:	799999
9.0	:	59064	23
10.0	:	
11.0	:	1605880	1	8	15
4
0.0	:	2663334	33	42
1.0	:	5551583	33	42
2.0	:	10089175	3	33	37	42	44
3.0	:	3671472	3	33	37	42
4.0	:	2518148	3	42	44
5.0	:	5952532	3	42	44
6.0	:	799999
7.0	:	4047015	3	14	37
8.0	:	13788655	33	42	44
9.0	:	10944425	3	14	37
10.0	:	11824267	33	42
11.0	:	8917669	14	37
5
0.0	:	5912274	6	17	38	49
1.0	:	5048730	17	28	38
2.0	:	6238084	6	17	28	38
3.0	:	3806244	0	6	17	28	38	45
4.0	:	7064641	0	2	6	17	28	45
5.0	:	3995316	0	2	6	17	28	49
6.0	:	7513869	40
7.0	:	10846559	2	11	17	28	38	49
8.0	:	10821603	45
9.0	:	12799996	17	38	49
10.0	:	10808536	6	28	45
11.0	:	6440824	11	17	38
6
0.0	:	2957095	7	19	29	46
1.0	:	4970019	7	29	46
2.0	:	4648120	7	12	46
3.0	:	1505945	12	31	46
4.0	:	1777291	29	31
5.0	:	1306018	13	29	46
6.0	:	1700310	12	27
7.0	:	1326224
8.0	:	1252464	7	19	27
9.0	:	1952520	13
10.0	:	3931267	7	19	43
11.0	:	5284450	13	29	31
