0
5.0	389429
5.7
6.4
7.1
7.8
8.5
9.2
1
5.0
5.7
6.4
7.1
7.8
8.5	323884
9.2	436451
2
5.0	536422
5.7
6.4
7.1
7.8
8.5
9.2	60763
3
5.0	700000
5.7	700000
6.4	700000
7.1	604528
7.8
8.5
9.2
4
5.0
5.7	44100
6.4	171857
7.1	700000
7.8	699999
8.5	699999
9.2	699999
5
5.0
5.7
6.4
7.1
7.8
8.5
9.2
6
5.0
5.7
6.4
7.1
7.8	32833
8.5	11480
9.2
7
5.0
5.7
6.4
7.1	635998
7.8	699999
8.5	699999
9.2	699999
8
5.0
5.7
6.4
7.1
7.8
8.5
9.2	479469
9
5.0
5.7	230256
6.4	700000
7.1	700000
7.8	699999
8.5	699999
9.2	578973
10
5.0	454941
5.7	700000
6.4	700000
7.1	700000
7.8	699999
8.5	699999
9.2	699999
11
5.0
5.7	167614
6.4	273794
7.1
7.8
8.5	57981
9.2	145932
12
5.0	216608
5.7	426225
6.4
7.1
7.8
8.5
9.2
13
5.0	568763
5.7
6.4
7.1	152522
7.8	699999
8.5	699999
9.2	699999
14
5.0
5.7	226707
6.4	700000
7.1	700000
7.8	699999
8.5	699999
9.2	699999
15
5.0	180042
5.7
6.4
7.1
7.8
8.5	302527
9.2	699999
16
5.0
5.7
6.4
7.1
7.8
8.5
9.2
17
5.0	700000
5.7	700000
6.4	235141
7.1	609234
7.8	699999
8.5	699999
9.2	310560
18
5.0	29708
5.7
6.4	627712
7.1	176277
7.8
8.5
9.2
19
5.0
5.7
6.4	471369
7.1	700000
7.8	699999
8.5	699999
9.2	699999
20
5.0
5.7
6.4
7.1
7.8
8.5
9.2
21
5.0
5.7
6.4
7.1
7.8
8.5
9.2
22
5.0	700000
5.7	700000
6.4	454159
7.1
7.8
8.5	602352
9.2	144770
23
5.0
5.7	425929
6.4	700000
7.1	159064
7.8
8.5
9.2
24
5.0	77844
5.7
6.4
7.1
7.8
8.5
9.2
25
5.0
5.7
6.4
7.1
7.8
8.5
9.2
26
5.0	700000
5.7	700000
6.4	306464
7.1
7.8
8.5
9.2
27
5.0	623550
5.7	700000
6.4	645097
7.1
7.8
8.5
9.2
28
5.0	693976
5.7
6.4
7.1
7.8	461715
8.5	699999
9.2	699999
29
5.0	91389
5.7
6.4
7.1
7.8
8.5	79974
9.2	202451
30
5.0
5.7
6.4
7.1
7.8
8.5	1264562
9.2	3499999
31
5.0
5.7
6.4
7.1
7.8
8.5	602025
9.2	3499999
32
5.0
5.7
6.4
7.1
7.8
8.5
9.2
33
5.0
5.7
6.4	3240256
7.1	3500000
7.8	3499999
8.5	3196802
9.2
34
5.0	3500000
5.7	3500000
6.4	1806581
7.1
7.8
8.5	3003998
9.2	1302306
35
5.0
5.7	1570057
6.4	2415435
7.1
7.8
8.5
9.2
36
5.0
5.7
6.4
7.1
7.8	2083382
8.5	3499999
9.2	3499999
37
5.0
5.7	3020309
6.4	3500000
7.1	1786479
7.8	1524270
8.5	3499999
9.2	2116141
38
5.0
5.7	3075719
6.4	3500000
7.1	3500000
7.8	2347582
8.5
9.2	2226350
39
5.0	589933
5.7	34526
6.4	593002
7.1
7.8
8.5
9.2
40
5.0	1176777
5.7	2132204
6.4
7.1
7.8
8.5
9.2
41
5.0
5.7	2863495
6.4	2741755
7.1	272166
7.8	3499999
8.5	3499999
9.2	3499999
42
5.0
5.7
6.4	1725101
7.1	189785
7.8	2982953
8.5	2554960
9.2	1365906
43
5.0
5.7
6.4
7.1
7.8	673204
8.5	858065
9.2
44
5.0
5.7
6.4	2033515
7.1	3500000
7.8	870467
8.5
9.2
45
5.0
5.7
6.4	1803436
7.1	3500000
7.8	3499999
8.5	3499999
9.2	3499999
46
5.0
5.7
6.4
7.1
7.8
8.5
9.2
47
5.0
5.7
6.4	1644670
7.1	3500000
7.8	3499999
8.5	3499999
9.2	544312
48
5.0
5.7	153721
6.4
7.1	1749519
7.8	3033957
8.5
9.2
49
5.0	3500000
5.7	3500000
6.4	3500000
7.1	3500000
7.8	3499999
8.5	1354928
9.2
